Jugador: jesus
Ficha: [5|2]
Mesa: [5|2], [2|2]
-----------------------------------
Jugador: william
Ficha: [5|5]
Mesa: [5|5], [5|2], [2|2]
-----------------------------------
Jugador: jesus
Ficha: PASAR
Mesa: [5|5], [5|2], [2|2]
-----------------------------------
Jugador: william
Ficha: [4|5]
Mesa: [4|5], [5|5], [5|2], [2|2]
-----------------------------------
Jugador: jesus
Ficha: [6|4]
Mesa: [6|4], [4|5], [5|5], [5|2], [2|2]
-----------------------------------
Jugador: william
Ficha: [2|0]
Mesa: [6|4], [4|5], [5|5], [5|2], [2|2], [2|0]
-----------------------------------
Jugador: jesus
Ficha: [6|6]
Mesa: [6|6], [6|4], [4|5], [5|5], [5|2], [2|2], [2|0]
-----------------------------------
Jugador: william
Ficha: [0|6]
Mesa: [0|6], [6|6], [6|4], [4|5], [5|5], [5|2], [2|2], [2|0]
-----------------------------------
Jugador: jesus
Ficha: [0|3]
Mesa: [0|6], [6|6], [6|4], [4|5], [5|5], [5|2], [2|2], [2|0], [0|3]
-----------------------------------
Jugador: william
Ficha: [3|3]
Mesa: [0|6], [6|6], [6|4], [4|5], [5|5], [5|2], [2|2], [2|0], [0|3], [3|3]
-----------------------------------
Jugador: jesus
Ficha: [3|6]
Mesa: [0|6], [6|6], [6|4], [4|5], [5|5], [5|2], [2|2], [2|0], [0|3], [3|3], [3|6]
-----------------------------------
Jugador: jesus
Ficha: [6|2]
Mesa: [0|6], [6|6], [6|4], [4|5], [5|5], [5|2], [2|2], [2|0], [0|3], [3|3], [3|6], [6|2]
-----------------------------------
Jugador: william
Ficha: [2|1]
Mesa: [0|6], [6|6], [6|4], [4|5], [5|5], [5|2], [2|2], [2|0], [0|3], [3|3], [3|6], [6|2], [2|1]
-----------------------------------
Jugador: jesus
Ficha: [1|5]
Mesa: [0|6], [6|6], [6|4], [4|5], [5|5], [5|2], [2|2], [2|0], [0|3], [3|3], [3|6], [6|2], [2|1], [1|5]
-----------------------------------
