Jugador: Jugador 1
Ficha: [6|6]
Mesa: [3|6], [6|6]
-----------------------------------
Jugador: Jugador 2
Ficha: [3|3]
Mesa: [3|3], [3|6], [6|6]
-----------------------------------
Jugador: Jugador 1
Ficha: [6|1]
Mesa: [3|3], [3|6], [6|6], [6|1]
-----------------------------------
Jugador: Jugador 1
Ficha: [1|0]
Mesa: [3|3], [3|6], [6|6], [6|1], [1|0]
-----------------------------------
Jugador: Jugador 2
Ficha: [0|6]
Mesa: [3|3], [3|6], [6|6], [6|1], [1|0], [0|6]
-----------------------------------
Jugador: Jugador 1
Ficha: [6|2]
Mesa: [3|3], [3|6], [6|6], [6|1], [1|0], [0|6], [6|2]
-----------------------------------
Jugador: Jugador 2
Ficha: [2|0]
Mesa: [3|3], [3|6], [6|6], [6|1], [1|0], [0|6], [6|2], [2|0]
-----------------------------------
Jugador: Jugador 1
Ficha: [0|5]
Mesa: [3|3], [3|6], [6|6], [6|1], [1|0], [0|6], [6|2], [2|0], [0|5]
-----------------------------------
Jugador: Jugador 2
Ficha: [5|4]
Mesa: [3|3], [3|6], [6|6], [6|1], [1|0], [0|6], [6|2], [2|0], [0|5], [5|4]
-----------------------------------
Jugador: Jugador 2
Ficha: [4|4]
Mesa: [3|3], [3|6], [6|6], [6|1], [1|0], [0|6], [6|2], [2|0], [0|5], [5|4], [4|4]
-----------------------------------
Jugador: Jugador 2
Ficha: [4|6]
Mesa: [3|3], [3|6], [6|6], [6|1], [1|0], [0|6], [6|2], [2|0], [0|5], [5|4], [4|4], [4|6]
-----------------------------------
