Time	Ref	Planta	Derivada1
0.000000	0.000000	0.000000	0.000000
0.004000	0.004000	0.000200	0.000000
0.008000	0.008000	0.000590	0.000628
0.012000	0.012000	0.001160	0.001528
0.016000	0.015999	0.001902	0.002643
0.020000	0.019999	0.002807	0.003943
0.024000	0.023998	0.003867	0.005410
0.028000	0.027996	0.005073	0.007032
0.032000	0.031995	0.006419	0.008798
0.036000	0.035992	0.007898	0.010703
0.040000	0.039989	0.009503	0.012740
0.044000	0.043986	0.011227	0.014905
0.048000	0.047982	0.013064	0.017193
0.052000	0.051977	0.015010	0.019602
0.056000	0.055971	0.017058	0.022129
0.060000	0.059964	0.019203	0.024771
0.064000	0.063956	0.021441	0.027526
0.068000	0.067948	0.023766	0.030394
0.072000	0.071938	0.026175	0.033371
0.076000	0.075927	0.028663	0.036458
0.080000	0.079915	0.031225	0.039652
0.084000	0.083901	0.033859	0.042953
0.088000	0.087886	0.036560	0.046360
0.092000	0.091870	0.039326	0.049872
0.096000	0.095853	0.042152	0.053489
0.100000	0.099833	0.045036	0.057209
0.104000	0.103813	0.047975	0.061033
0.108000	0.107790	0.050966	0.064960
0.112000	0.111766	0.054006	0.068989
0.116000	0.115740	0.057093	0.073121
0.120000	0.119712	0.060223	0.077355
0.124000	0.123682	0.063396	0.081690
0.128000	0.127651	0.066609	0.086127
0.132000	0.131617	0.069860	0.090665
0.136000	0.135581	0.073146	0.095305
0.140000	0.139543	0.076466	0.100045
0.144000	0.143503	0.079817	0.104887
0.148000	0.147460	0.083200	0.109830
0.152000	0.151415	0.086610	0.114874
0.156000	0.155368	0.090048	0.120020
0.160000	0.159318	0.093512	0.125266
0.164000	0.163266	0.096999	0.130613
0.168000	0.167211	0.100510	0.136062
0.172000	0.171153	0.104042	0.141612
0.176000	0.175093	0.107595	0.147264
0.180000	0.179030	0.111166	0.153017
0.184000	0.182964	0.114756	0.158872
0.188000	0.186895	0.118363	0.164829
0.192000	0.190823	0.121986	0.170888
0.196000	0.194747	0.125624	0.177049
0.200000	0.198669	0.129276	0.183312
0.204000	0.202588	0.132942	0.189677
0.208000	0.206503	0.136620	0.196146
0.212000	0.210416	0.140310	0.202717
0.216000	0.214324	0.144011	0.209391
0.220000	0.218230	0.147722	0.216169
0.224000	0.222131	0.151442	0.223050
0.228000	0.226030	0.155171	0.230034
0.232000	0.229924	0.158909	0.237123
0.236000	0.233815	0.162654	0.244315
0.240000	0.237703	0.166407	0.251612
0.244000	0.241586	0.170166	0.259014
0.248000	0.245466	0.173931	0.266520
0.252000	0.249341	0.177701	0.274132
0.256000	0.253213	0.181477	0.281848
0.260000	0.257081	0.185257	0.289671
0.264000	0.260944	0.189041	0.297599
0.268000	0.264803	0.192830	0.305632
0.272000	0.268658	0.196621	0.313773
0.276000	0.272509	0.200415	0.322019
0.280000	0.276356	0.204212	0.330373
0.284000	0.280198	0.208012	0.338833
0.288000	0.284035	0.211813	0.347400
0.292000	0.287868	0.215616	0.356075
0.296000	0.291697	0.219420	0.364858
0.300000	0.295520	0.223225	0.373748
0.304000	0.299339	0.227030	0.382747
0.308000	0.303153	0.230837	0.391854
0.312000	0.306963	0.234643	0.401069
0.316000	0.310767	0.238449	0.410394
0.320000	0.314567	0.242255	0.419827
0.324000	0.318361	0.246060	0.429370
0.328000	0.322150	0.249865	0.439022
0.332000	0.325934	0.253668	0.448784
0.336000	0.329713	0.257470	0.458656
0.340000	0.333487	0.261271	0.468638
0.344000	0.337255	0.265071	0.478731
0.348000	0.341018	0.268868	0.488934
0.352000	0.344776	0.272663	0.499248
0.356000	0.348528	0.276457	0.509673
0.360000	0.352274	0.280247	0.520209
0.364000	0.356015	0.284036	0.530857
0.368000	0.359750	0.287822	0.541616
0.372000	0.363479	0.291604	0.552487
0.376000	0.367203	0.295384	0.563469
0.380000	0.370920	0.299161	0.574564
0.384000	0.374632	0.302935	0.585772
0.388000	0.378338	0.306705	0.597091
0.392000	0.382037	0.310471	0.608523
0.396000	0.385731	0.314234	0.620068
0.400000	0.389418	0.317994	0.631726
0.404000	0.393099	0.321749	0.643497
0.408000	0.396774	0.325500	0.655381
0.412000	0.400443	0.329247	0.667378
0.416000	0.404105	0.332990	0.679488
0.420000	0.407760	0.336729	0.691712
0.424000	0.411410	0.340463	0.704050
0.428000	0.415052	0.344192	0.716501
0.432000	0.418688	0.347917	0.729065
0.436000	0.422317	0.351637	0.741744
0.440000	0.425939	0.355352	0.754536
0.444000	0.429555	0.359062	0.767442
0.448000	0.433164	0.362767	0.780463
0.452000	0.436766	0.366467	0.793597
0.456000	0.440360	0.370162	0.806845
0.460000	0.443948	0.373851	0.820206
0.464000	0.447529	0.377535	0.833682
0.468000	0.451102	0.381213	0.847272
0.472000	0.454669	0.384886	0.860975
0.476000	0.458228	0.388553	0.874793
0.480000	0.461779	0.392215	0.888724
0.484000	0.465323	0.395870	0.902768
0.488000	0.468860	0.399520	0.916927
0.492000	0.472390	0.403163	0.931198
0.496000	0.475911	0.406800	0.945583
0.500000	0.479426	0.410432	0.960081
0.504000	0.482932	0.414057	0.974692
0.508000	0.486431	0.417675	0.989416
0.512000	0.489922	0.421288	1.004253
0.516000	0.493405	0.424894	1.019201
0.520000	0.496880	0.428493	1.034262
0.524000	0.500347	0.432086	1.049435
0.528000	0.503807	0.435672	1.064719
0.532000	0.507258	0.439251	1.080114
0.536000	0.510701	0.442824	1.095620
0.540000	0.514136	0.446389	1.111236
0.544000	0.517563	0.449948	1.126963
0.548000	0.520981	0.453499	1.142799
0.552000	0.524391	0.457044	1.158744
0.556000	0.527793	0.460582	1.174797
0.560000	0.531186	0.464112	1.190959
0.564000	0.534571	0.467635	1.207228
0.568000	0.537947	0.471150	1.223603
0.572000	0.541315	0.474659	1.240085
0.576000	0.544674	0.478159	1.256671
0.580000	0.548024	0.481653	1.273363
0.584000	0.551365	0.485138	1.290157
0.588000	0.554698	0.488616	1.307055
0.592000	0.558022	0.492086	1.324054
0.596000	0.561337	0.495549	1.341154
0.600000	0.564642	0.499004	1.358353
0.604000	0.567939	0.502450	1.375650
0.608000	0.571227	0.505889	1.393044
0.612000	0.574506	0.509320	1.410533
0.616000	0.577775	0.512743	1.428117
0.620000	0.581035	0.516157	1.445792
0.624000	0.584286	0.519564	1.463558
0.628000	0.587528	0.522962	1.481412
0.632000	0.590760	0.526352	1.499351
0.636000	0.593982	0.529733	1.517375
0.640000	0.597195	0.533107	1.535480
0.644000	0.600399	0.536471	1.553662
0.648000	0.603593	0.539827	1.571920
0.652000	0.606777	0.543175	1.590248
0.656000	0.609952	0.546514	1.608644
0.660000	0.613117	0.549844	1.627102
0.664000	0.616272	0.553165	1.645617
0.668000	0.619417	0.556478	1.664182
0.672000	0.622552	0.559782	1.682790
0.676000	0.625678	0.563076	1.701433
0.680000	0.628793	0.566362	1.720098
0.684000	0.631898	0.569639	1.738771
0.688000	0.634993	0.572907	1.757433
0.692000	0.638078	0.576165	1.776052
0.696000	0.641153	0.579415	1.794575
0.700000	0.644218	0.582655	1.812841
0.704000	0.647272	0.585886	1.830382
0.708000	0.650316	0.589107	1.847750
0.712000	0.653349	0.592319	1.865014
0.716000	0.656372	0.595522	1.882206
0.720000	0.659385	0.598715	1.899345
0.724000	0.662387	0.601899	1.916444
0.728000	0.665378	0.605073	1.933512
0.732000	0.668359	0.608237	1.950555
0.736000	0.671329	0.611391	1.967579
0.740000	0.674288	0.614536	1.984588
0.744000	0.677236	0.617671	2.001584
0.748000	0.680174	0.620796	2.018571
0.752000	0.683101	0.623912	2.035551
0.756000	0.686017	0.627017	2.052524
0.760000	0.688921	0.630112	2.069493
0.764000	0.691815	0.633197	2.086458
0.768000	0.694698	0.636272	2.103420
0.772000	0.697570	0.639337	2.120381
0.776000	0.700430	0.642392	2.137340
0.780000	0.703279	0.645436	2.154298
0.784000	0.706117	0.648470	2.171255
0.788000	0.708944	0.651494	2.188211
0.792000	0.711760	0.654507	2.205167
0.796000	0.714564	0.657510	2.222121
0.800000	0.717356	0.660502	2.239075
0.804000	0.720137	0.663484	2.256028
0.808000	0.722907	0.666455	2.272980
0.812000	0.725665	0.669416	2.289930
0.816000	0.728411	0.672365	2.306878
0.820000	0.731146	0.675305	2.323825
0.824000	0.733869	0.678233	2.340768
0.828000	0.736580	0.681150	2.357709
0.832000	0.739280	0.684057	2.374646
0.836000	0.741967	0.686952	2.391579
0.840000	0.744643	0.689837	2.408507
0.844000	0.747307	0.692710	2.425431
0.848000	0.749959	0.695573	2.442349
0.852000	0.752599	0.698424	2.459260
0.856000	0.755227	0.701264	2.476165
0.860000	0.757843	0.704093	2.493063
0.864000	0.760446	0.706911	2.509952
0.868000	0.763038	0.709717	2.526833
0.872000	0.765617	0.712512	2.543705
0.876000	0.768184	0.715296	2.560566
0.880000	0.770739	0.718068	2.577417
0.884000	0.773281	0.720828	2.594256
0.888000	0.775811	0.723578	2.611084
0.892000	0.778329	0.726315	2.627898
0.896000	0.780834	0.729041	2.644699
0.900000	0.783327	0.731755	2.661486
0.904000	0.785807	0.734458	2.678258
0.908000	0.788275	0.737149	2.695014
0.912000	0.790730	0.739828	2.711753
0.916000	0.793172	0.742495	2.728475
0.920000	0.795602	0.745150	2.745179
0.924000	0.798019	0.747794	2.761865
0.928000	0.800423	0.750425	2.778531
0.932000	0.802814	0.753045	2.795176
0.936000	0.805192	0.755652	2.811801
0.940000	0.807558	0.758247	2.828403
0.944000	0.809911	0.760831	2.844983
0.948000	0.812251	0.763402	2.861539
0.952000	0.814577	0.765960	2.878071
0.956000	0.816891	0.768507	2.894578
0.960000	0.819192	0.771041	2.911059
0.964000	0.821479	0.773563	2.927514
0.968000	0.823753	0.776073	2.943940
0.972000	0.826015	0.778570	2.960339
0.976000	0.828263	0.781054	2.976708
0.980000	0.830497	0.783526	2.993048
0.984000	0.832719	0.785986	3.009356
0.988000	0.834927	0.788433	3.025633
0.992000	0.837122	0.790868	3.041878
0.996000	0.839303	0.793289	3.058089
1.000000	0.841471	0.795698	3.074267
1.004000	0.843625	0.798095	3.090409
1.008000	0.845766	0.800478	3.106516
1.012000	0.847894	0.802849	3.122587
1.016000	0.850008	0.805207	3.138620
1.020000	0.852108	0.807552	3.154614
1.024000	0.854195	0.809884	3.170570
1.028000	0.856268	0.812203	3.186486
1.032000	0.858327	0.814510	3.202361
1.036000	0.860372	0.816803	3.218195
1.040000	0.862404	0.819083	3.233987
1.044000	0.864422	0.821350	3.249735
1.048000	0.866426	0.823604	3.265439
1.052000	0.868417	0.825844	3.281099
1.056000	0.870393	0.828072	3.296713
1.060000	0.872355	0.830286	3.312280
1.064000	0.874304	0.832487	3.327800
1.068000	0.876239	0.834674	3.343272
1.072000	0.878159	0.836849	3.358695
1.076000	0.880065	0.839009	3.374068
1.080000	0.881958	0.841157	3.389390
1.084000	0.883836	0.843291	3.404661
1.088000	0.885700	0.845411	3.419880
1.092000	0.887550	0.847518	3.435045
1.096000	0.889386	0.849612	3.450157
1.100000	0.891207	0.851691	3.465213
1.104000	0.893015	0.853758	3.480214
1.108000	0.894808	0.855810	3.495159
1.112000	0.896586	0.857849	3.510046
1.116000	0.898351	0.859874	3.524875
1.120000	0.900100	0.861885	3.539645
1.124000	0.901836	0.863883	3.554356
1.128000	0.903557	0.865867	3.569005
1.132000	0.905264	0.867836	3.583593
1.136000	0.906956	0.869792	3.598119
1.140000	0.908633	0.871734	3.612582
1.144000	0.910297	0.873663	3.626981
1.148000	0.911945	0.875577	3.641315
1.152000	0.913579	0.877477	3.655584
1.156000	0.915198	0.879363	3.669786
1.160000	0.916803	0.881235	3.683920
1.164000	0.918393	0.883093	3.697987
1.168000	0.919968	0.884937	3.711985
1.172000	0.921529	0.886766	3.725913
1.176000	0.923075	0.888582	3.739771
1.180000	0.924606	0.890383	3.753557
1.184000	0.926122	0.892170	3.767271
1.188000	0.927624	0.893943	3.780912
1.192000	0.929110	0.895701	3.794479
1.196000	0.930582	0.897445	3.807972
1.200000	0.932039	0.899175	3.821389
1.204000	0.933481	0.900890	3.834730
1.208000	0.934908	0.902591	3.847993
1.212000	0.936320	0.904277	3.861179
1.216000	0.937717	0.905949	3.874286
1.220000	0.939099	0.907607	3.887314
1.224000	0.940466	0.909250	3.900261
1.228000	0.941818	0.910878	3.913127
1.232000	0.943155	0.912492	3.925911
1.236000	0.944477	0.914091	3.938612
1.240000	0.945784	0.915676	3.951230
1.244000	0.947076	0.917246	3.963763
1.248000	0.948352	0.918801	3.976211
1.252000	0.949613	0.920342	3.988573
1.256000	0.950859	0.921868	4.000848
1.260000	0.952090	0.923379	4.013036
1.264000	0.953306	0.924875	4.025135
1.268000	0.954506	0.926357	4.037145
1.272000	0.955692	0.927824	4.049064
1.276000	0.956861	0.929275	4.060893
1.280000	0.958016	0.930712	4.072631
1.284000	0.959155	0.932135	4.084276
1.288000	0.960279	0.933542	4.095827
1.292000	0.961387	0.934934	4.107285
1.296000	0.962480	0.936311	4.118647
1.300000	0.963558	0.937674	4.129915
1.304000	0.964620	0.939021	4.141085
1.308000	0.965667	0.940353	4.152159
1.312000	0.966699	0.941671	4.163134
1.316000	0.967715	0.942973	4.174011
1.320000	0.968715	0.944260	4.184788
1.324000	0.969700	0.945532	4.195464
1.328000	0.970669	0.946789	4.206040
1.332000	0.971623	0.948031	4.216513
1.336000	0.972562	0.949257	4.226884
1.340000	0.973485	0.950469	4.237151
1.344000	0.974392	0.951665	4.247314
1.348000	0.975283	0.952846	4.257372
1.352000	0.976159	0.954011	4.267324
1.356000	0.977020	0.955162	4.277169
1.360000	0.977865	0.956297	4.286907
1.364000	0.978694	0.957417	4.296536
1.368000	0.979507	0.958521	4.306057
1.372000	0.980305	0.959610	4.315468
1.376000	0.981087	0.960684	4.324768
1.380000	0.981854	0.961743	4.333957
1.384000	0.982604	0.962786	4.343034
1.388000	0.983339	0.963813	4.351998
1.392000	0.984058	0.964826	4.360848
1.396000	0.984762	0.965823	4.369584
1.400000	0.985450	0.966804	4.378204
1.404000	0.986122	0.967770	4.386709
1.408000	0.986778	0.968720	4.395097
1.412000	0.987418	0.969655	4.403368
1.416000	0.988043	0.970574	4.411520
1.420000	0.988652	0.971478	4.419553
1.424000	0.989245	0.972367	4.427467
1.428000	0.989822	0.973239	4.435260
1.432000	0.990383	0.974097	4.442931
1.436000	0.990929	0.974938	4.450481
1.440000	0.991458	0.975764	4.457908
1.444000	0.991972	0.976575	4.465211
1.448000	0.992470	0.977369	4.472390
1.452000	0.992952	0.978149	4.479443
1.456000	0.993418	0.978912	4.486371
1.460000	0.993868	0.979660	4.493173
1.464000	0.994303	0.980392	4.499847
1.468000	0.994721	0.981108	4.506393
1.472000	0.995124	0.981809	4.512810
1.476000	0.995510	0.982494	4.519097
1.480000	0.995881	0.983164	4.525255
1.484000	0.996236	0.983817	4.531281
1.488000	0.996574	0.984455	4.537175
1.492000	0.996897	0.985077	4.542937
1.496000	0.997204	0.985683	4.548565
1.500000	0.997495	0.986274	4.554060
1.504000	0.997770	0.986849	4.559420
1.508000	0.998029	0.987408	4.564644
1.512000	0.998272	0.987951	4.569732
1.516000	0.998499	0.988478	4.574683
1.520000	0.998710	0.988990	4.579496
1.524000	0.998905	0.989486	4.584171
1.528000	0.999084	0.989966	4.588706
1.532000	0.999248	0.990430	4.593102
1.536000	0.999395	0.990878	4.597357
1.540000	0.999526	0.991310	4.601470
1.544000	0.999641	0.991727	4.605442
1.548000	0.999740	0.992128	4.609271
1.552000	0.999823	0.992512	4.612956
1.556000	0.999891	0.992881	4.616497
1.560000	0.999942	0.993234	4.619893
1.564000	0.999977	0.993571	4.623143
1.568000	0.999996	0.993893	4.626247
1.572000	0.999999	0.994198	4.629203
1.576000	0.999986	0.994487	4.632012
1.580000	0.999958	0.994761	4.634672
1.584000	0.999913	0.995019	4.637183
1.588000	0.999852	0.995260	4.639544
1.592000	0.999775	0.995486	4.641754
1.596000	0.999682	0.995696	4.643813
1.600000	0.999574	0.995890	4.645719
1.604000	0.999449	0.996068	4.647473
1.608000	0.999308	0.996230	4.649073
1.612000	0.999151	0.996376	4.650519
1.616000	0.998978	0.996506	4.651810
1.620000	0.998790	0.996620	4.652945
1.624000	0.998585	0.996718	4.653924
1.628000	0.998364	0.996801	4.654746
1.632000	0.998128	0.996867	4.655410
1.636000	0.997875	0.996917	4.655916
1.640000	0.997606	0.996952	4.656263
1.644000	0.997322	0.996970	4.656449
1.648000	0.997021	0.996973	4.656475
1.652000	0.996705	0.996959	4.656340
1.656000	0.996372	0.996930	4.656043
1.660000	0.996024	0.996885	4.655583
1.664000	0.995660	0.996824	4.654960
1.668000	0.995279	0.996746	4.654173
1.672000	0.994883	0.996653	4.653222
1.676000	0.994471	0.996544	4.652105
1.680000	0.994043	0.996419	4.650822
1.684000	0.993599	0.996278	4.649372
1.688000	0.993140	0.996121	4.647755
1.692000	0.992664	0.995948	4.645969
1.696000	0.992172	0.995759	4.644015
1.700000	0.991665	0.995555	4.641892
1.704000	0.991142	0.995334	4.639598
1.708000	0.990602	0.995097	4.637134
1.712000	0.990047	0.994845	4.634498
1.716000	0.989476	0.994577	4.631690
1.720000	0.988890	0.994292	4.628709
1.724000	0.988287	0.993992	4.625555
1.728000	0.987669	0.993676	4.622227
1.732000	0.987035	0.993344	4.618724
1.736000	0.986385	0.992996	4.615045
1.740000	0.985719	0.992632	4.611191
1.744000	0.985038	0.992252	4.607159
1.748000	0.984340	0.991857	4.602950
1.752000	0.983627	0.991445	4.598563
1.756000	0.982899	0.991018	4.593997
1.760000	0.982154	0.990575	4.589252
1.764000	0.981394	0.990116	4.584327
1.768000	0.980618	0.989641	4.579221
1.772000	0.979827	0.989150	4.573934
1.776000	0.979020	0.988644	4.568464
1.780000	0.978197	0.988121	4.562813
1.784000	0.977358	0.987583	4.556977
1.788000	0.976504	0.987029	4.550958
1.792000	0.975634	0.986459	4.544754
1.796000	0.974749	0.985874	4.538365
1.800000	0.973848	0.985273	4.531790
1.804000	0.972931	0.984655	4.525029
1.808000	0.971999	0.984023	4.518080
1.812000	0.971051	0.983374	4.510944
1.816000	0.970088	0.982710	4.503619
1.820000	0.969109	0.982030	4.496105
1.824000	0.968115	0.981334	4.488402
1.828000	0.967105	0.980623	4.480508
1.832000	0.966080	0.979895	4.472423
1.836000	0.965039	0.979153	4.464147
1.840000	0.963983	0.978394	4.455679
1.844000	0.962911	0.977620	4.447017
1.848000	0.961824	0.976830	4.438162
1.852000	0.960722	0.976025	4.429114
1.856000	0.959604	0.975204	4.419870
1.860000	0.958471	0.974367	4.410431
1.864000	0.957323	0.973515	4.400797
1.868000	0.956159	0.972647	4.390966
1.872000	0.954980	0.971764	4.380937
1.876000	0.953786	0.970865	4.370711
1.880000	0.952576	0.969950	4.360287
1.884000	0.951351	0.969020	4.349663
1.888000	0.950111	0.968075	4.338841
1.892000	0.948856	0.967114	4.327817
1.896000	0.947586	0.966138	4.316594
1.900000	0.946300	0.965146	4.305168
1.904000	0.944999	0.964138	4.293541
1.908000	0.943684	0.963116	4.281711
1.912000	0.942353	0.962078	4.269678
1.916000	0.941007	0.961024	4.257442
1.920000	0.939645	0.959955	4.245001
1.924000	0.938269	0.958871	4.232355
1.928000	0.936878	0.957771	4.219503
1.932000	0.935472	0.956656	4.206445
1.936000	0.934051	0.955526	4.193181
1.940000	0.932615	0.954380	4.179709
1.944000	0.931164	0.953220	4.166030
1.948000	0.929698	0.952044	4.152142
1.952000	0.928217	0.950852	4.138045
1.956000	0.926722	0.949646	4.123738
1.960000	0.925212	0.948424	4.109222
1.964000	0.923686	0.947187	4.094494
1.968000	0.922146	0.945935	4.079555
1.972000	0.920592	0.944668	4.064404
1.976000	0.919022	0.943386	4.049041
1.980000	0.917438	0.942088	4.033465
1.984000	0.915839	0.940776	4.017675
1.988000	0.914226	0.939448	4.001671
1.992000	0.912597	0.938106	3.985452
1.996000	0.910955	0.936748	3.969018
2.000000	0.909297	0.935376	3.952369
2.004000	0.907626	0.933988	3.935502
2.008000	0.905939	0.932586	3.918419
2.012000	0.904238	0.931168	3.901118
2.016000	0.902523	0.929736	3.883600
2.020000	0.900793	0.928289	3.865862
2.024000	0.899049	0.926827	3.847906
2.028000	0.897290	0.925350	3.829730
2.032000	0.895517	0.923858	3.811333
2.036000	0.893730	0.922352	3.792716
2.040000	0.891929	0.920831	3.773878
2.044000	0.890113	0.919295	3.754818
2.048000	0.888283	0.917744	3.735535
2.052000	0.886438	0.916179	3.716029
2.056000	0.884580	0.914599	3.696300
2.060000	0.882707	0.913005	3.676347
2.064000	0.880821	0.911395	3.656170
2.068000	0.878920	0.909772	3.635767
2.072000	0.877005	0.908133	3.615139
2.076000	0.875076	0.906480	3.594285
2.080000	0.873133	0.904813	3.573205
2.084000	0.871176	0.903131	3.551897
2.088000	0.869205	0.901435	3.530362
2.092000	0.867220	0.899724	3.508598
2.096000	0.865222	0.897999	3.486606
2.100000	0.863209	0.896260	3.464385
2.104000	0.861183	0.894506	3.441934
2.108000	0.859143	0.892738	3.419253
2.112000	0.857089	0.890955	3.396342
2.116000	0.855022	0.889158	3.373199
2.120000	0.852940	0.887348	3.349824
2.124000	0.850846	0.885522	3.326218
2.128000	0.848737	0.883683	3.302379
2.132000	0.846615	0.881830	3.278306
2.136000	0.844480	0.879962	3.254001
2.140000	0.842330	0.878081	3.229461
2.144000	0.840168	0.876185	3.204686
2.148000	0.837992	0.874275	3.179677
2.152000	0.835802	0.872352	3.154431
2.156000	0.833600	0.870414	3.128950
2.160000	0.831383	0.868463	3.103233
2.164000	0.829154	0.866497	3.077278
2.168000	0.826911	0.864518	3.051086
2.172000	0.824655	0.862525	3.024657
2.176000	0.822386	0.860518	2.997988
2.180000	0.820104	0.858497	2.971081
2.184000	0.817809	0.856463	2.943935
2.188000	0.815500	0.854415	2.916549
2.192000	0.813178	0.852353	2.888923
2.196000	0.810844	0.850277	2.861056
2.200000	0.808496	0.848188	2.832949
2.204000	0.806136	0.846086	2.804599
2.208000	0.803763	0.843970	2.776008
2.212000	0.801376	0.841840	2.747174
2.216000	0.798977	0.839697	2.718098
2.220000	0.796565	0.837540	2.688778
2.224000	0.794141	0.835370	2.659214
2.228000	0.791704	0.833187	2.629406
2.232000	0.789254	0.830990	2.599354
2.236000	0.786791	0.828780	2.569057
2.240000	0.784316	0.826557	2.538514
2.244000	0.781828	0.824321	2.507726
2.248000	0.779328	0.822071	2.476691
2.252000	0.776815	0.819808	2.445409
2.256000	0.774290	0.817532	2.413881
2.260000	0.771753	0.815243	2.382105
2.264000	0.769203	0.812941	2.350081
2.268000	0.766641	0.810626	2.317809
2.272000	0.764066	0.808298	2.285288
2.276000	0.761480	0.805957	2.252518
2.280000	0.758881	0.803603	2.219498
2.284000	0.756270	0.801237	2.186229
2.288000	0.753647	0.798857	2.152710
2.292000	0.751012	0.796465	2.118939
2.296000	0.748364	0.794060	2.084918
2.300000	0.745705	0.791642	2.050645
2.304000	0.743034	0.789212	2.016121
2.308000	0.740351	0.786769	1.981344
2.312000	0.737656	0.784313	1.946315
2.316000	0.734950	0.781845	1.911033
2.320000	0.732231	0.779364	1.875498
2.324000	0.729501	0.776871	1.839709
2.328000	0.726760	0.774366	1.803666
2.332000	0.724006	0.771848	1.767369
2.336000	0.721241	0.769317	1.730818
2.340000	0.718465	0.766775	1.694011
2.344000	0.715677	0.764220	1.656949
2.348000	0.712877	0.761653	1.619631
2.352000	0.710067	0.759073	1.582057
2.356000	0.707244	0.756482	1.544227
2.360000	0.704411	0.753878	1.506141
2.364000	0.701566	0.751263	1.467797
2.368000	0.698710	0.748635	1.429196
2.372000	0.695843	0.745995	1.390337
2.376000	0.692964	0.743344	1.351221
2.380000	0.690075	0.740680	1.311846
2.384000	0.687175	0.738005	1.272212
2.388000	0.684263	0.735318	1.232320
2.392000	0.681341	0.732619	1.192169
2.396000	0.678407	0.729909	1.151758
2.400000	0.675463	0.727186	1.111088
2.404000	0.672508	0.724452	1.070157
2.408000	0.669542	0.721707	1.028966
2.412000	0.666566	0.718950	0.987515
2.416000	0.663579	0.716181	0.945803
2.420000	0.660581	0.713401	0.903830
2.424000	0.657573	0.710610	0.861595
2.428000	0.654554	0.707807	0.819099
2.432000	0.651525	0.704993	0.776341
2.436000	0.648485	0.702168	0.733321
2.440000	0.645435	0.699331	0.690038
2.444000	0.642375	0.696483	0.646493
2.448000	0.639304	0.693624	0.602686
2.452000	0.636223	0.690754	0.558615
2.456000	0.633132	0.687873	0.514280
2.460000	0.630031	0.684981	0.469683
2.464000	0.626919	0.682078	0.424821
2.468000	0.623798	0.679164	0.379696
2.472000	0.620667	0.676239	0.334307
2.476000	0.617525	0.673303	0.288653
2.480000	0.614374	0.670357	0.242735
2.484000	0.611213	0.667400	0.196552
2.488000	0.608043	0.664432	0.150104
2.492000	0.604862	0.661453	0.103391
2.496000	0.601672	0.658464	0.056413
2.500000	0.598472	0.655465	0.009170
2.504000	0.595263	0.652455	-0.038339
2.508000	0.592044	0.649434	-0.086114
2.512000	0.588816	0.646403	-0.134155
2.516000	0.585578	0.643362	-0.182461
2.520000	0.582331	0.640310	-0.231034
2.524000	0.579074	0.637248	-0.279873
2.528000	0.575808	0.634176	-0.328978
2.532000	0.572534	0.631094	-0.378350
2.536000	0.569249	0.628002	-0.427988
2.540000	0.565956	0.624900	-0.477893
2.544000	0.562654	0.621787	-0.528065
2.548000	0.559343	0.618665	-0.578504
2.552000	0.556022	0.615533	-0.629210
2.556000	0.552693	0.612391	-0.680183
2.560000	0.549355	0.609239	-0.731423
2.564000	0.546009	0.606078	-0.782930
2.568000	0.542653	0.602907	-0.834704
2.572000	0.539289	0.599726	-0.886746
2.576000	0.535916	0.596535	-0.939055
2.580000	0.532535	0.593335	-0.991631
2.584000	0.529145	0.590126	-1.044475
2.588000	0.525747	0.586907	-1.097586
2.592000	0.522340	0.583678	-1.150964
2.596000	0.518925	0.580441	-1.204610
2.600000	0.515501	0.577194	-1.258523
2.604000	0.512070	0.573938	-1.312703
2.608000	0.508630	0.570672	-1.367151
2.612000	0.505182	0.567398	-1.421866
2.616000	0.501726	0.564114	-1.476848
2.620000	0.498262	0.560821	-1.532098
2.624000	0.494790	0.557520	-1.587614
2.628000	0.491310	0.554209	-1.643398
2.632000	0.487822	0.550890	-1.699448
2.636000	0.484326	0.547562	-1.755766
2.640000	0.480823	0.544225	-1.812350
2.644000	0.477312	0.540879	-1.869200
2.648000	0.473793	0.537525	-1.926317
2.652000	0.470266	0.534162	-1.983701
2.656000	0.466733	0.530790	-2.041350
2.660000	0.463191	0.527410	-2.099266
2.664000	0.459643	0.524022	-2.157447
2.668000	0.456086	0.520625	-2.215894
2.672000	0.452523	0.517220	-2.274607
2.676000	0.448952	0.513807	-2.333584
2.680000	0.445375	0.510385	-2.392827
2.684000	0.441790	0.506955	-2.452334
2.688000	0.438198	0.503518	-2.512106
2.692000	0.434599	0.500072	-2.572142
2.696000	0.430993	0.496618	-2.632441
2.700000	0.427380	0.493156	-2.693005
2.704000	0.423760	0.489686	-2.753832
2.708000	0.420134	0.486208	-2.814921
2.712000	0.416501	0.482723	-2.876273
2.716000	0.412861	0.479230	-2.937888
2.720000	0.409214	0.475729	-2.999764
2.724000	0.405561	0.472221	-3.061901
2.728000	0.401902	0.468705	-3.124300
2.732000	0.398236	0.465181	-3.186959
2.736000	0.394563	0.461650	-3.249878
2.740000	0.390885	0.458112	-3.313057
2.744000	0.387200	0.454566	-3.376495
2.748000	0.383509	0.451014	-3.440192
2.752000	0.379812	0.447454	-3.504146
2.756000	0.376108	0.443886	-3.568358
2.760000	0.372399	0.440312	-3.632827
2.764000	0.368684	0.436730	-3.697552
2.768000	0.364963	0.433142	-3.762532
2.772000	0.361236	0.429547	-3.827767
2.776000	0.357503	0.425945	-3.893257
2.780000	0.353764	0.422336	-3.959000
2.784000	0.350020	0.418720	-4.024996
2.788000	0.346270	0.415097	-4.091243
2.792000	0.342515	0.411468	-4.157742
2.796000	0.338754	0.407833	-4.224491
2.800000	0.334988	0.404190	-4.291489
2.804000	0.331217	0.400542	-4.358736
2.808000	0.327440	0.396887	-4.426230
2.812000	0.323658	0.393225	-4.493971
2.816000	0.319870	0.389557	-4.561957
2.820000	0.316078	0.385883	-4.630187
2.824000	0.312281	0.382203	-4.698660
2.828000	0.308478	0.378517	-4.767376
2.832000	0.304671	0.374825	-4.836332
2.836000	0.300858	0.371126	-4.905528
2.840000	0.297041	0.367422	-4.974961
2.844000	0.293220	0.363712	-5.044632
2.848000	0.289393	0.359996	-5.114538
2.852000	0.285562	0.356274	-5.184678
2.856000	0.281726	0.352547	-5.255049
2.860000	0.277886	0.348814	-5.325652
2.864000	0.274041	0.345075	-5.396483
2.868000	0.270192	0.341331	-5.467541
2.872000	0.266339	0.337581	-5.538825
2.876000	0.262481	0.333826	-5.610331
2.880000	0.258619	0.330066	-5.682059
2.884000	0.254753	0.326300	-5.754006
2.888000	0.250883	0.322530	-5.826169
2.892000	0.247009	0.318754	-5.898546
2.896000	0.243131	0.314972	-5.971135
2.900000	0.239249	0.311186	-6.043933
2.904000	0.235364	0.307395	-6.116938
2.908000	0.231474	0.303599	-6.190145
2.912000	0.227581	0.299798	-6.263553
2.916000	0.223684	0.295992	-6.337158
2.920000	0.219784	0.292182	-6.410955
2.924000	0.215880	0.288367	-6.484943
2.928000	0.211972	0.284547	-6.559116
2.932000	0.208061	0.280723	-6.633470
2.936000	0.204147	0.276894	-6.708000
2.940000	0.200230	0.273061	-6.782703
2.944000	0.196309	0.269223	-6.857572
2.948000	0.192386	0.265381	-6.932601
2.952000	0.188459	0.261535	-7.007785
2.956000	0.184529	0.257685	-7.083117
2.960000	0.180596	0.253831	-7.158589
2.964000	0.176661	0.249972	-7.234194
2.968000	0.172722	0.246110	-7.309921
2.972000	0.168781	0.242243	-7.385761
2.976000	0.164837	0.238373	-7.461703
2.980000	0.160890	0.234499	-7.537733
2.984000	0.156941	0.230621	-7.613836
2.988000	0.152989	0.226739	-7.689996
2.992000	0.149035	0.222854	-7.766190
2.996000	0.145079	0.218965	-7.842393
3.000000	0.141120	0.215073	-7.918572
3.004000	0.137159	0.211177	-7.994685
3.008000	0.133196	0.207278	-8.070668
3.012000	0.129230	0.203376	-8.146424
3.016000	0.125263	0.199470	-8.221743
3.020000	0.121293	0.195561	-8.295087
3.024000	0.117322	0.191649	-8.367669
3.028000	0.113349	0.187734	-8.439878
3.032000	0.109373	0.183816	-8.511844
3.036000	0.105397	0.179895	-8.583635
3.040000	0.101418	0.175971	-8.655297
3.044000	0.097438	0.172045	-8.726861
3.048000	0.093456	0.168115	-8.798351
3.052000	0.089473	0.164183	-8.869785
3.056000	0.085488	0.160248	-8.941179
3.060000	0.081502	0.156311	-9.012546
3.064000	0.077515	0.152371	-9.083894
3.068000	0.073526	0.148429	-9.155233
3.072000	0.069536	0.144484	-9.226571
3.076000	0.065546	0.140537	-9.297913
3.080000	0.061554	0.136588	-9.369266
3.084000	0.057561	0.132637	-9.440634
3.088000	0.053567	0.128683	-9.512022
3.092000	0.049572	0.124728	-9.583433
3.096000	0.045577	0.120770	-9.654870
3.100000	0.041581	0.116811	-9.726338
3.104000	0.037584	0.112849	-9.797837
3.108000	0.033586	0.108886	-9.869372
3.112000	0.029588	0.104921	-9.940943
3.116000	0.025590	0.100955	-10.012553
3.120000	0.021591	0.096987	-10.084204
3.124000	0.017592	0.093017	-10.155896
3.128000	0.013592	0.089046	-10.227632
3.132000	0.009593	0.085073	-10.299413
3.136000	0.005593	0.081099	-10.371239
3.140000	0.001593	0.077124	-10.443111
3.144000	-0.002407	0.073147	-10.515031
3.148000	-0.006407	0.069169	-10.587000
3.152000	-0.010407	0.065191	-10.659017
3.156000	-0.014407	0.061211	-10.731083
3.160000	-0.018406	0.057230	-10.803199
3.164000	-0.022405	0.053248	-10.875365
3.168000	-0.026404	0.049265	-10.947582
3.172000	-0.030403	0.045282	-11.019850
3.176000	-0.034401	0.041298	-11.092169
3.180000	-0.038398	0.037313	-11.164539
3.184000	-0.042395	0.033328	-11.236960
3.188000	-0.046391	0.029342	-11.309432
3.192000	-0.050386	0.025355	-11.381956
3.196000	-0.054381	0.021369	-11.454532
3.200000	-0.058374	0.017382	-11.527158
3.204000	-0.062367	0.013394	-11.599836
3.208000	-0.066359	0.009406	-11.672565
3.212000	-0.070349	0.005419	-11.745345
3.216000	-0.074339	0.001431	-11.818175
3.220000	-0.078327	-0.002557	-11.891056
3.224000	-0.082314	-0.006545	-11.963987
3.228000	-0.086300	-0.010533	-12.036968
3.232000	-0.090284	-0.014520	-12.109998
3.236000	-0.094267	-0.018508	-12.183078
3.240000	-0.098249	-0.022495	-12.256207
3.244000	-0.102228	-0.026481	-12.329384
3.248000	-0.106207	-0.030468	-12.402609
3.252000	-0.110183	-0.034453	-12.475882
3.256000	-0.114158	-0.038439	-12.549202
3.260000	-0.118131	-0.042423	-12.622569
3.264000	-0.122102	-0.046407	-12.695983
3.268000	-0.126071	-0.050390	-12.769442
3.272000	-0.130038	-0.054373	-12.842946
3.276000	-0.134003	-0.058354	-12.916496
3.280000	-0.137966	-0.062335	-12.990089
3.284000	-0.141927	-0.066314	-13.063727
3.288000	-0.145885	-0.070293	-13.137408
3.292000	-0.149841	-0.074270	-13.211131
3.296000	-0.153795	-0.078247	-13.284897
3.300000	-0.157746	-0.082222	-13.358704
3.304000	-0.161694	-0.086195	-13.432551
3.308000	-0.165640	-0.090167	-13.506440
3.312000	-0.169584	-0.094138	-13.580367
3.316000	-0.173525	-0.098108	-13.654334
3.320000	-0.177462	-0.102075	-13.728340
3.324000	-0.181398	-0.106041	-13.802383
3.328000	-0.185330	-0.110006	-13.876463
3.332000	-0.189259	-0.113968	-13.950580
3.336000	-0.193185	-0.117929	-14.024732
3.340000	-0.197108	-0.121888	-14.098920
3.344000	-0.201028	-0.125845	-14.173142
3.348000	-0.204945	-0.129800	-14.247398
3.352000	-0.208858	-0.133753	-14.321687
3.356000	-0.212768	-0.137704	-14.396008
3.360000	-0.216675	-0.141652	-14.470361
3.364000	-0.220578	-0.145599	-14.544744
3.368000	-0.224478	-0.149543	-14.619158
3.372000	-0.228374	-0.153484	-14.693602
3.376000	-0.232267	-0.157423	-14.768074
3.380000	-0.236155	-0.161360	-14.842575
3.384000	-0.240040	-0.165294	-14.917102
3.388000	-0.243921	-0.169225	-14.991656
3.392000	-0.247799	-0.173154	-15.066236
3.396000	-0.251672	-0.177080	-15.140841
3.400000	-0.255541	-0.181003	-15.215471
3.404000	-0.259406	-0.184923	-15.290124
3.408000	-0.263267	-0.188840	-15.364799
3.412000	-0.267124	-0.192755	-15.439497
3.416000	-0.270977	-0.196666	-15.514216
3.420000	-0.274825	-0.200574	-15.588955
3.424000	-0.278668	-0.204478	-15.663715
3.428000	-0.282508	-0.208380	-15.738493
3.432000	-0.286343	-0.212278	-15.813289
3.436000	-0.290173	-0.216173	-15.888102
3.440000	-0.293998	-0.220064	-15.962932
3.444000	-0.297819	-0.223952	-16.037778
3.448000	-0.301635	-0.227836	-16.112639
3.452000	-0.305447	-0.231716	-16.187514
3.456000	-0.309253	-0.235593	-16.262402
3.460000	-0.313054	-0.239466	-16.337303
3.464000	-0.316851	-0.243336	-16.412215
3.468000	-0.320642	-0.247201	-16.487139
3.472000	-0.324428	-0.251062	-16.562073
3.476000	-0.328209	-0.254920	-16.637016
3.480000	-0.331985	-0.258773	-16.711967
3.484000	-0.335756	-0.262622	-16.786926
3.488000	-0.339521	-0.266467	-16.861893
3.492000	-0.343280	-0.270308	-16.936865
3.496000	-0.347035	-0.274144	-17.011842
3.500000	-0.350783	-0.277976	-17.086824
3.504000	-0.354526	-0.281803	-17.161809
3.508000	-0.358264	-0.285626	-17.236798
3.512000	-0.361995	-0.289445	-17.311788
3.516000	-0.365721	-0.293259	-17.386779
3.520000	-0.369441	-0.297068	-17.461771
3.524000	-0.373155	-0.300872	-17.536762
3.528000	-0.376863	-0.304672	-17.611751
3.532000	-0.380565	-0.308466	-17.686739
3.536000	-0.384261	-0.312256	-17.761723
3.540000	-0.387951	-0.316041	-17.836703
3.544000	-0.391635	-0.319821	-17.911679
3.548000	-0.395312	-0.323595	-17.986649
3.552000	-0.398983	-0.327365	-18.061613
3.556000	-0.402648	-0.331129	-18.136569
3.560000	-0.406306	-0.334888	-18.211518
3.564000	-0.409957	-0.338641	-18.286457
3.568000	-0.413603	-0.342389	-18.361387
3.572000	-0.417241	-0.346132	-18.436306
3.576000	-0.420873	-0.349869	-18.511213
3.580000	-0.424498	-0.353600	-18.586108
3.584000	-0.428116	-0.357326	-18.660990
3.588000	-0.431728	-0.361046	-18.735858
3.592000	-0.435332	-0.364760	-18.810712
3.596000	-0.438930	-0.368469	-18.885549
3.600000	-0.442520	-0.372171	-18.960370
3.604000	-0.446104	-0.375868	-19.035173
3.608000	-0.449680	-0.379559	-19.109958
3.612000	-0.453249	-0.383243	-19.184724
3.616000	-0.456811	-0.386922	-19.259470
3.620000	-0.460366	-0.390594	-19.334196
3.624000	-0.463913	-0.394260	-19.408899
3.628000	-0.467453	-0.397919	-19.483580
3.632000	-0.470985	-0.401573	-19.558238
3.636000	-0.474510	-0.405220	-19.632871
3.640000	-0.478027	-0.408860	-19.707479
3.644000	-0.481537	-0.412494	-19.782061
3.648000	-0.485039	-0.416121	-19.856617
3.652000	-0.488533	-0.419742	-19.931144
3.656000	-0.492019	-0.423356	-20.005644
3.660000	-0.495497	-0.426963	-20.080113
3.664000	-0.498968	-0.430563	-20.154553
3.668000	-0.502430	-0.434156	-20.228961
3.672000	-0.505885	-0.437743	-20.303338
3.676000	-0.509331	-0.441322	-20.377681
3.680000	-0.512769	-0.444894	-20.451991
3.684000	-0.516199	-0.448460	-20.526266
3.688000	-0.519621	-0.452018	-20.600506
3.692000	-0.523034	-0.455569	-20.674710
3.696000	-0.526440	-0.459112	-20.748876
3.700000	-0.529836	-0.462648	-20.823005
3.704000	-0.533224	-0.466177	-20.897094
3.708000	-0.536604	-0.469698	-20.971144
3.712000	-0.539975	-0.473212	-21.045154
3.716000	-0.543337	-0.476719	-21.119121
3.720000	-0.546691	-0.480217	-21.193047
3.724000	-0.550036	-0.483708	-21.266929
3.728000	-0.553372	-0.487191	-21.340768
3.732000	-0.556699	-0.490667	-21.414561
3.736000	-0.560018	-0.494134	-21.488309
3.740000	-0.563327	-0.497594	-21.562010
3.744000	-0.566628	-0.501046	-21.635664
3.748000	-0.569919	-0.504489	-21.709269
3.752000	-0.573201	-0.507925	-21.782825
3.756000	-0.576474	-0.511352	-21.856332
3.760000	-0.579738	-0.514772	-21.929787
3.764000	-0.582993	-0.518183	-22.003190
3.768000	-0.586238	-0.521585	-22.076541
3.772000	-0.589474	-0.524980	-22.149838
3.776000	-0.592700	-0.528366	-22.223081
3.780000	-0.595917	-0.531743	-22.296269
3.784000	-0.599125	-0.535113	-22.369400
3.788000	-0.602322	-0.538473	-22.442475
3.792000	-0.605511	-0.541825	-22.515492
3.796000	-0.608689	-0.545168	-22.588450
3.800000	-0.611858	-0.548503	-22.661349
3.804000	-0.615017	-0.551828	-22.734187
3.808000	-0.618166	-0.555145	-22.806964
3.812000	-0.621305	-0.558453	-22.879679
3.816000	-0.624435	-0.561752	-22.952331
3.820000	-0.627554	-0.565042	-23.024919
3.824000	-0.630663	-0.568323	-23.097442
3.828000	-0.633762	-0.571595	-23.169900
3.832000	-0.636851	-0.574858	-23.242292
3.836000	-0.639930	-0.578112	-23.314616
3.840000	-0.642999	-0.581356	-23.386872
3.844000	-0.646057	-0.584591	-23.459059
3.848000	-0.649105	-0.587817	-23.531176
3.852000	-0.652143	-0.591033	-23.603223
3.856000	-0.655170	-0.594240	-23.675198
3.860000	-0.658186	-0.597437	-23.747100
3.864000	-0.661193	-0.600625	-23.818930
3.868000	-0.664188	-0.603803	-23.890685
3.872000	-0.667173	-0.606972	-23.962365
3.876000	-0.670147	-0.610130	-24.033970
3.880000	-0.673111	-0.613280	-24.105497
3.884000	-0.676064	-0.616419	-24.176947
3.888000	-0.679006	-0.619548	-24.248319
3.892000	-0.681937	-0.622667	-24.319611
3.896000	-0.684857	-0.625777	-24.390824
3.900000	-0.687766	-0.628876	-24.461955
3.904000	-0.690664	-0.631966	-24.533004
3.908000	-0.693552	-0.635045	-24.603971
3.912000	-0.696428	-0.638114	-24.674854
3.916000	-0.699293	-0.641173	-24.745653
3.920000	-0.702146	-0.644222	-24.816367
3.924000	-0.704989	-0.647260	-24.886994
3.928000	-0.707820	-0.650288	-24.957535
3.932000	-0.710640	-0.653306	-25.027987
3.936000	-0.713448	-0.656313	-25.098351
3.940000	-0.716246	-0.659310	-25.168626
3.944000	-0.719031	-0.662296	-25.238810
3.948000	-0.721805	-0.665271	-25.308903
3.952000	-0.724568	-0.668236	-25.378904
3.956000	-0.727319	-0.671190	-25.448812
3.960000	-0.730058	-0.674133	-25.518626
3.964000	-0.732786	-0.677066	-25.588346
3.968000	-0.735502	-0.679988	-25.657970
3.972000	-0.738206	-0.682899	-25.727497
3.976000	-0.740899	-0.685799	-25.796928
3.980000	-0.743579	-0.688688	-25.866260
3.984000	-0.746248	-0.691566	-25.935494
3.988000	-0.748904	-0.694433	-26.004628
3.992000	-0.751549	-0.697289	-26.073661
3.996000	-0.754182	-0.700133	-26.142593
